   6.7985000e-01
   8.4628571e-01
   7.6833000e-01
   7.7496154e-01
   7.4119333e-01
   8.8490000e-01
   8.1910000e-01
   9.0636250e-01
   8.6298750e-01
   7.9861429e-01
   8.8526868e-01
   9.7192308e-01
   8.9119333e-01
   9.5004444e-01
   1.1671909e+00
   2.3335833e+00
   4.0406600e+00
   1.1494500e+00
   1.1761667e+00
   9.7726429e-01
   1.0445250e+00
   8.0979375e-01
   9.0244118e-01
   9.1602353e-01
   1.2075667e+00
   1.1092786e+00
   5.0419211e+00
   9.6664706e-01
   9.1231250e-01
   1.0000000e+00
   9.0512308e-01
   7.3804348e-01
   8.4718571e-01
   7.8584167e-01
   9.7634000e-01
   9.0620870e-01
   8.3670000e-01
   1.1798235e+00
   7.0585333e-01
   6.0875556e-01
   4.4113077e-01
   6.3450000e-01
   6.0633846e-01
   7.0249000e-01
   5.8536000e-01
   8.8790000e-01
   1.1894500e+00
   9.1585714e-01
   2.8210500e+00
   1.4742775e+00
   2.9451286e+00
   3.6610600e+00
   2.2937500e+00
   4.3506800e+00
   6.5170700e+00
   1.2752120e+00
   1.9518333e+00
   1.2168750e+00
   1.1965167e+00
   7.8742000e-01
   2.9645333e+00
   2.5600857e+00
   1.8732857e+00
   1.6330769e+00
   1.0388667e+00
   1.1885724e+00
   1.0000000e+00
   8.9029583e-01
   1.0488000e+00
   1.3425611e+00
   5.9462778e-01
   5.4010000e-01
   9.8868235e-01
   8.9848750e-01
   8.4300455e-01
   7.8675000e-01
   7.5367895e-01
   8.0462222e-01
   7.5410833e-01
   5.9510769e-01
   7.3680667e-01
   7.6426000e-01
   4.1960000e-01
   5.2177143e-01
   4.6356667e-01
   3.3747500e-01
   3.4051429e-01
   3.0061250e-01
   3.8890000e-01
   4.1572857e-01
   5.5910000e-01
   4.9415714e-01
   5.4278750e-01
   5.3030288e-01
   4.7475000e-01
   4.4065000e-01
   4.2028000e-01
   7.3980000e-01
   1.0055000e+00
   7.0695000e-01
