-100.4123	15.1563225	-3605.923	0.0
-100.40688	15.173916	-3612.34	2.0408447
-100.40147	15.191508	-3563.5757	4.0816894
-100.39604	15.209101	-3587.2256	6.1225343
-100.39062	15.226693	-3562.2368	8.163379
-100.3852	15.244285	-3544.6157	10.204224
-100.379776	15.261877	-3501.9158	12.245069
-100.37435	15.279469	-3473.8948	14.285913
-100.36892	15.297061	-3469.4893	16.326757
-100.363495	15.314652	-3510.8374	18.367603
-100.35807	15.332244	-3512.116	20.408447
-100.35264	15.349835	-3489.35	22.449293
-100.34721	15.367427	-3517.349	24.490137
-100.34178	15.385017	-3508.1157	26.530981
-100.33635	15.402609	-3551.4226	28.571827
-100.33092	15.420199	-3529.6013	30.61267
-100.325485	15.43779	-3502.257	32.653515
-100.32005	15.455381	-3511.7385	34.694363
-100.31462	15.472971	-3476.4678	36.735207
-100.30918	15.4905615	-3469.1997	38.77605
-100.30375	15.508152	-3467.019	40.816895
-100.29831	15.525742	-3552.9924	42.85774
-100.29287	15.543332	-3506.7842	44.898586
-100.28743	15.560922	-3543.876	46.93943
-100.28199	15.578511	-3607.2644	48.980274
-100.27655	15.596101	-3574.182	51.02112
-100.2711	15.61369	-3550.4243	53.061962
-100.26566	15.63128	-3510.846	55.10281
-100.260216	15.648869	-3477.854	57.143654
-100.254776	15.666458	-3445.7466	59.184498
-100.24933	15.684047	-3446.4558	61.22534
-100.24388	15.701635	-3474.0823	63.26619
-100.238434	15.719224	-3433.3784	65.30703
-100.23299	15.736813	-3453.1934	67.34788
-100.22754	15.754401	-3547.639	69.388725
-100.222084	15.771989	-3594.417	71.429565
-100.21664	15.7895775	-3703.9307	73.47041
-100.21118	15.807165	-3713.3308	75.51125
-100.20573	15.824753	-3691.7722	77.5521
-100.20027	15.84234	-3692.7827	79.59295
-100.19482	15.859928	-3693.0967	81.63379
-100.18936	15.877515	-3713.1685	83.67464
-100.18391	15.8951025	-3738.9788	85.71548
-100.178444	15.912689	-3781.6155	87.756325
-100.17299	15.930277	-3747.5046	89.79717
-100.16753	15.947864	-3672.1836	91.83801
-100.16206	15.96545	-3844.5842	93.87886
-100.1566	15.983037	-3994.0466	95.9197
-100.15114	16.000624	-4019.4075	97.96055
-100.145676	16.01821	-4046.4797	100.001396
-100.14021	16.035795	-4025.505	102.04224
-100.13475	16.053381	-3996.9553	104.083084
-100.12928	16.070967	-3961.046	106.123924
-100.12381	16.088552	-4013.6963	108.16477
-100.11835	16.106138	-4162.372	110.20562
-100.11288	16.123724	-4286.4927	112.24646
-100.10741	16.14131	-4411.8745	114.28731
-100.10193	16.158895	-4453.2803	116.32815
-100.09646	16.17648	-4452.6377	118.368996
-100.09099	16.194065	-4498.254	120.40984
-100.08551	16.211649	-4766.512	122.45068
-100.08003	16.229235	-4998.2124	124.49153
-100.07456	16.246819	-5045.629	126.53238
-100.069084	16.264402	-5171.915	128.57323
-100.06361	16.281986	-5222.0464	130.61406
-100.05812	16.29957	-5246.3184	132.6549
-100.05264	16.317154	-5021.315	134.69576
-100.047165	16.334738	-4582.72	136.7366
-100.04168	16.352322	-4143.6353	138.77745
-100.036194	16.369905	-3881.9792	140.81828
-100.03071	16.38749	-3552.1035	142.85913
-100.02522	16.405071	-3160.1753	144.89998
-100.01974	16.422655	-2777.513	146.94083
-100.01425	16.440239	-2483.395	148.98167
-100.008766	16.45782	-2172.029	151.0225
-100.00327	16.475403	-1970.7673	153.06335
-99.99778	16.492987	-1863.9934	155.1042
-99.992294	16.510569	-1757.2672	157.14505
-99.9868	16.52815	-1624.1909	159.1859
-99.98131	16.545732	-1455.1123	161.22673
-99.975815	16.563314	-1319.3636	163.26758
-99.970314	16.580896	-1239.6339	165.30843
-99.96482	16.598478	-1176.2083	167.34927
-99.95932	16.61606	-1066.5929	169.39012
-99.95383	16.63364	-914.4194	171.43095
-99.948326	16.651222	-864.8438	173.4718
-99.942825	16.668802	-940.4368	175.51265
-99.937325	16.686384	-802.8083	177.5535
-99.93182	16.703964	-736.0918	179.59435
-99.926315	16.721544	-479.39978	181.63518
-99.920815	16.739126	-236.20921	183.67603
-99.915306	16.756706	-172.48271	185.71687
-99.9098	16.774286	-125.39948	187.75772
-99.9043	16.791866	-94.00383	189.79857
-99.89879	16.809446	-81.29423	191.8394
-99.89327	16.827026	-36.93492	193.88025
-99.887764	16.844604	48.43745	195.9211
-99.882256	16.862185	92.3627	197.96194
-99.87674	16.879765	301.95728	200.00279
-99.87122	16.897343	409.55176	202.04362
-99.865715	16.914923	253.367	204.08447
-99.8602	16.9325	233.79721	206.12532
-99.85468	16.950079	266.92877	208.16617
-99.84916	16.967659	352.91708	210.20702
-99.84364	16.985237	264.364	212.24785
-99.83813	17.002815	401.1727	214.2887
-99.8326	17.020393	525.5254	216.32954
-99.82708	17.037971	565.0353	218.37039
-99.821556	17.05555	616.7888	220.41124
-99.81603	17.073126	697.62384	222.45207
-99.81051	17.090704	722.36835	224.49292
-99.804985	17.108282	767.9784	226.53377
-99.79945	17.125858	830.2674	228.57462
-99.79393	17.143436	964.857	230.61546
-99.7884	17.161013	1223.2115	232.6563
-99.78287	17.178589	1365.6473	234.69714
-99.777336	17.196165	1127.5276	236.73799
-99.771805	17.213741	929.6624	238.77884
-99.76627	17.23132	703.30804	240.81969
-99.760735	17.248896	767.872	242.86053
-99.7552	17.26647	1193.6572	244.90137
-99.749664	17.284046	1385.8191	246.94221
-99.744125	17.301622	1087.7681	248.98306
-99.73859	17.319199	816.2831	251.02391
-99.73305	17.336773	671.9203	253.06476
-99.72751	17.35435	612.3095	255.10559
-99.72196	17.371923	661.8839	257.14645
-99.71642	17.389498	734.8512	259.1873
-99.71088	17.407074	783.6358	261.22812
-99.70533	17.424648	774.8995	263.26898
-99.69979	17.442223	924.13104	265.3098
-99.69424	17.459797	1087.9404	267.35068
-99.68869	17.477371	1320.4513	269.3915
-99.68314	17.494946	1837.2158	271.43234
-99.67759	17.512518	2306.9084	273.4732
-99.67204	17.530092	2585.193	275.51404
-99.66649	17.547667	2385.9397	277.5549
-99.660934	17.565239	2328.3657	279.59573
-99.65538	17.582813	2581.5688	281.63657
-99.649826	17.600386	2465.9307	283.67743
-99.644264	17.617958	1899.3142	285.71826
-99.63871	17.63553	1666.8275	287.75912
-99.63315	17.653105	1496.4609	289.79996
-99.62759	17.670677	1259.4459	291.8408
-99.62203	17.68825	1207.5919	293.88165
-99.61647	17.70582	1164.8751	295.9225
-99.6109	17.723392	1082.4377	297.96335
-99.60534	17.740965	967.5915	300.00418
-99.59977	17.758537	1004.5412	302.045
-99.59421	17.776108	929.62836	304.08588
-99.58864	17.79368	897.7722	306.1267
-99.58307	17.81125	908.92487	308.16757
-99.5775	17.828821	898.1666	310.2084
-99.57193	17.846392	772.86914	312.24924
-99.56636	17.863964	821.54926	314.2901
-99.56078	17.881535	793.7713	316.33093
-99.55521	17.899105	753.6969	318.3718
-99.54964	17.916674	620.27594	320.41263
-99.54406	17.934244	664.6944	322.45346
-99.53848	17.951815	662.4735	324.49432
-99.5329	17.969385	791.3712	326.53516
-99.52732	17.986954	766.0401	328.57602
-99.521736	18.004524	756.2754	330.61685
-99.51616	18.022093	846.7272	332.65768
-99.510574	18.039661	792.7411	334.69855
-99.50499	18.05723	743.4151	336.73938
-99.499405	18.0748	795.93414	338.78024
-99.49382	18.09237	857.61487	340.82108
-99.48823	18.109938	911.6518	342.8619
-99.48264	18.127504	989.1197	344.90277
-99.47705	18.145073	886.2638	346.9436
-99.47146	18.162642	881.2242	348.98447
-99.465866	18.18021	825.5209	351.0253
-99.46027	18.197777	893.6312	353.06613
-99.45468	18.215343	1015.56915	355.107
-99.44908	18.232912	937.9681	357.14783
-99.44349	18.250479	926.58746	359.1887
-99.43789	18.268045	931.88354	361.22952
-99.43229	18.285612	929.60095	363.27036
-99.42669	18.303179	882.69904	365.31122
-99.42109	18.320745	863.1382	367.35205
-99.41549	18.338312	888.1944	369.3929
-99.40988	18.355879	885.36053	371.43375
-99.40428	18.373446	989.0222	373.47458
-99.398674	18.39101	1237.2565	375.51544
-99.39307	18.408577	1479.8568	377.55627
-99.38746	18.426142	1742.828	379.59714
-99.38185	18.443708	1879.9855	381.63797
-99.376236	18.461273	1889.909	383.6788
-99.37063	18.478838	1940.9717	385.71967
-99.36501	18.496403	1827.331	387.7605
-99.3594	18.513968	1471.592	389.80136
-99.35378	18.531532	1220.7811	391.8422
-99.34817	18.549097	1093.8965	393.88303
-99.34255	18.56666	987.4908	395.9239
-99.33694	18.584225	904.02625	397.96472
-99.331314	18.60179	904.0243	400.00558
-99.32569	18.619352	902.7992	402.04642
-99.32007	18.636915	927.5609	404.08725
-99.314445	18.65448	971.4305	406.1281
-99.30882	18.672043	979.08203	408.16895
-99.3032	18.689606	995.0555	410.2098
-99.29757	18.707169	1031.4052	412.25064
-99.29195	18.724731	1062.987	414.29147
-99.286316	18.742294	1053.0244	416.33234
-99.280685	18.759857	1123.7683	418.37317
-99.275055	18.777418	1191.3177	420.41403
-99.269424	18.794981	1226.0164	422.45486
-99.26379	18.812542	1229.8477	424.4957
-99.258156	18.830105	1268.2001	426.53656
-99.25252	18.847666	1298.0897	428.5774
-99.24688	18.865227	1343.1608	430.61826
-99.24124	18.882788	1399.1527	432.6591
-99.2356	18.90035	1449.1167	434.69992
-99.229965	18.91791	1504.4615	436.74078
-99.22432	18.93547	1576.8599	438.78162
-99.21867	18.953032	1667.0917	440.82248
-99.213036	18.970592	1775.8868	442.8633
-99.20739	18.988152	1984.421	444.90414
-99.201744	19.005713	2218.6216	446.945
-99.19609	19.023272	2496.2317	448.98584
-99.190445	19.040833	2722.3179	451.0267
-99.18479	19.058392	2871.2974	453.06754
-99.17914	19.07595	3015.6333	455.10837
-99.17349	19.09351	3110.1968	457.14923
-99.16784	19.111069	3125.951	459.19006
-99.16218	19.128628	3083.405	461.23093
-99.156525	19.146187	2976.1155	463.27176
-99.15086	19.163746	2894.8616	465.3126
-99.14521	19.181303	2810.2332	467.35345
-99.13955	19.198862	2680.8264	469.3943
-99.13389	19.21642	2567.5632	471.43515
-99.12823	19.233976	2380.5947	473.47598
-99.12256	19.251535	2276.7683	475.51685
-99.1169	19.269093	2240.5166	477.55768
-99.11123	19.28665	2239.0405	479.5985
-99.10556	19.304207	2237.2756	481.63937
-99.09989	19.321764	2250.3333	483.6802
-99.09422	19.339321	2296.1116	485.72107
-99.088554	19.356876	2261.853	487.7619
-99.082886	19.374434	2238.573	489.80273
-99.07721	19.391989	2237.0278	491.8436
-99.07153	19.409546	2234.188	493.88443
-99.06586	19.427101	2232.927	495.9253
-99.06018	19.444656	2233.8672	497.96613
-99.054504	19.462212	2235.2747	500.00696
-99.04883	19.479767	2233.9639	502.04782
-99.043144	19.497322	2234.463	504.08865
-99.03746	19.514877	2235.4314	506.12952
-99.03178	19.532433	2235.6443	508.17035
-99.02609	19.549988	2235.616	510.21118
-99.02041	19.567541	2238.5608	512.252
-99.014725	19.585096	2239.8572	514.2929
-99.00903	19.60265	2241.739	516.33374
-99.00335	19.620205	2246.7742	518.3746
-98.99766	19.637758	2285.5208	520.4154
-98.99197	19.655312	2356.1714	522.45624
-98.986275	19.672865	2334.3152	524.49713
-98.980576	19.690418	2284.273	526.53796
-98.974884	19.707972	2271.067	528.5788
-98.969185	19.725523	2253.4087	530.6196
-98.963486	19.743076	2255.2556	532.66046
-98.95779	19.76063	2274.7495	534.70135
-98.95209	19.778181	2316.607	536.7422
-98.94639	19.795732	2339.3206	538.783
-98.94068	19.813286	2334.7346	540.82385
-98.934975	19.830837	2312.1687	542.8647
-98.929276	19.848389	2306.183	544.9056
-98.92357	19.86594	2327.585	546.9464
-98.917854	19.883492	2354.845	548.98724
-98.91215	19.901043	2341.1245	551.0281
-98.90644	19.918592	2327.3267	553.0689
-98.90073	19.936144	2333.641	555.1098
-98.89501	19.953693	2361.728	557.15063
-98.8893	19.971245	2405.6165	559.19147
-98.88358	19.988794	2441.7153	561.2323
-98.87787	20.006344	2426.2205	563.27313
-98.87215	20.023893	2526.0415	565.314
-98.86643	20.041443	2546.6006	567.35486
-98.86071	20.058992	2574.1758	569.3957
-98.85499	20.076542	2647.005	571.4365
-98.849266	20.094091	2648.7983	573.47736
-98.84354	20.11164	2542.7961	575.51825
-98.837814	20.129189	2471.4846	577.5591
-98.832085	20.146738	2447.338	579.5999
-98.826355	20.164286	2504.915	581.64075
-98.820625	20.181833	2607.2102	583.6816
-98.814896	20.19938	2546.909	585.7225
-98.809166	20.216928	2391.2139	587.7633
-98.80343	20.234476	2306.7822	589.80414
-98.79769	20.252024	2169.6223	591.845
-98.79196	20.269571	2140.2537	593.8858
-98.786224	20.287119	1926.6471	595.9267
-98.78048	20.304665	1817.5613	597.9675
-98.77474	20.322212	1875.1827	600.00836
-98.769005	20.339758	1970.9838	602.0492
-98.76326	20.357304	1980.4923	604.09
-98.757515	20.37485	2102.3838	606.1309
-98.75177	20.392397	2031.8312	608.17175
-98.746025	20.409943	2045.3588	610.2126
-98.74027	20.427486	2067.3823	612.2534
-98.73453	20.445032	1994.2295	614.29425
-98.728775	20.462578	1891.2319	616.33514
-98.72302	20.480122	1734.6716	618.376
-98.71727	20.497667	1448.8328	620.4168
-98.71152	20.515211	1398.6442	622.45764
-98.70576	20.532757	1424.564	624.4985
-98.700005	20.5503	1601.4393	626.53937
-98.694244	20.567844	1811.8489	628.5802
-98.688484	20.585388	1865.5507	630.62103
-98.682724	20.602932	1953.5787	632.66187
-98.67696	20.620476	2084.342	634.7027
-98.671196	20.638018	2040.0139	636.7436
-98.66543	20.655561	2048.2625	638.7844
-98.65967	20.673103	1995.3658	640.82526
-98.6539	20.690647	1919.7188	642.8661
-98.648125	20.708189	1818.7233	644.9069
-98.64236	20.72573	1566.8552	646.9478
-98.63659	20.743273	1226.6049	648.98865
-98.63081	20.760815	1240.3794	651.0295
-98.62504	20.778357	1564.0189	653.0703
-98.61926	20.795898	1514.7812	655.11115
-98.61349	20.813438	1243.8453	657.15204
-98.607704	20.83098	1095.6307	659.1929
-98.60193	20.848522	921.7157	661.2337
-98.596146	20.866062	1162.7488	663.27454
-98.59036	20.883602	1212.2367	665.31537
-98.58458	20.901142	1046.719	667.35626
-98.5788	20.918682	1152.4567	669.3971
-98.573006	20.936222	980.2212	671.4379
-98.56722	20.953762	680.4395	673.47876
-98.56143	20.971302	933.0941	675.5196
-98.55564	20.988842	1085.3354	677.5605
-98.54985	21.00638	1047.9956	679.6013
-98.54405	21.02392	756.0111	681.64215
-98.53826	21.041458	466.81433	683.683
-98.53246	21.058996	502.26495	685.7238
-98.526665	21.076534	649.1789	687.7647
-98.52087	21.094072	583.2073	689.80554
-98.51507	21.11161	443.7326	691.8464
-98.50926	21.129148	280.14456	693.8872
-98.50346	21.146687	208.8535	695.92804
-98.49766	21.164225	156.43616	697.96893
-98.49185	21.18176	129.843	700.00977
-98.486046	21.199297	147.35487	702.0506
-98.48024	21.216835	184.8038	704.09143
-98.47443	21.234371	185.73729	706.13226
-98.46861	21.251907	134.52571	708.17316
-98.46281	21.269444	125.991646	710.214
-98.45699	21.28698	94.723366	712.2548
-98.45117	21.304516	61.273956	714.29565
-98.44536	21.32205	65.576935	716.3365
-98.43954	21.339586	74.35606	718.3774
-98.43372	21.35712	94.1243	720.4182
-98.4279	21.374657	70.04608	722.45905
-98.42207	21.39219	48.10801	724.4999
-98.41625	21.409725	60.15038	726.5407
-98.41043	21.42726	55.893055	728.5816
-98.4046	21.444794	44.918987	730.62244
-98.39877	21.462328	42.295742	732.66327
-98.392944	21.479862	42.224667	734.7041
-98.387115	21.497396	44.382023	736.74493
-98.38128	21.514929	60.267517	738.7858
-98.37545	21.532461	58.846394	740.82666
-98.36961	21.549995	63.935818	742.8675
-98.36378	21.567528	54.03882	744.9083
-98.35794	21.58506	57.561836	746.94916
-98.3521	21.602592	53.12521	748.99005
-98.34626	21.620125	46.88981	751.0309
